---
build/images/karuna-aid-cover.jpg: 2021-03-09 14:54:17.398610300 +05:30
build/images/karuna-study-center-8.jpg: 2021-03-09 14:54:18.791490324 +05:30
build/images/footer-bg.png: 2021-03-09 14:54:23.837453773 +05:30
build/images/karuna-covid-relief-cover.jpg: 2021-03-09 14:54:25.153290603 +05:30
build/images/round-arc.png: 2021-03-09 14:54:24.106740168 +05:30
build/images/karuna-water-project-2.jpg: 2021-03-09 14:54:18.678789811 +05:30
build/images/karuna-water-project-1.jpg: 2021-03-09 14:54:28.950164329 +05:30
build/images/karuna-water-project-6.jpg: 2021-03-09 14:54:29.121996202 +05:30
build/images/clouds-bg.png: 2021-03-09 14:54:29.490589313 +05:30
build/images/karuna-water-project-7.jpg: 2021-03-09 14:54:31.616180069 +05:30
build/images/icon1.png: 2021-03-09 14:54:21.518794381 +05:30
build/images/karuna-water-project-9.jpg: 2021-03-09 14:54:33.378257104 +05:30
build/images/bubble-1.png: 2021-03-09 14:54:35.665854553 +05:30
build/images/Hand pump ready.jpg: 2021-03-09 14:55:18.784711686 +05:30
build/images/bubble-2.png: 2021-03-09 14:54:33.528309300 +05:30
build/images/bubble-3.png: 2021-03-09 14:54:39.202073901 +05:30
build/images/karuna-kids.jpg: 2021-03-09 14:54:17.398080272 +05:30
build/images/karuna-study-center-1.jpg: 2021-03-09 14:54:30.022954302 +05:30
build/images/karuna-kendra-study-center-cover.jpg: 2021-03-09 14:54:17.398767773 +05:30
build/images/karuna-study-center-7.jpg: 2021-03-09 14:54:32.261785132 +05:30
build/images/karuna-study-center-5.jpg: 2021-03-09 14:54:33.674158973 +05:30
