---
build/images/karuna-aid.jpg: 2021-03-02 14:00:46.192952281 +05:30
build/images/footer-bg.png: 2021-03-02 14:00:51.897031190 +05:30
build/images/round-arc.png: 2021-03-02 14:00:52.125982691 +05:30
build/images/clouds-bg.png: 2021-03-02 14:00:54.730103258 +05:30
build/images/icon1.png: 2021-03-02 14:00:46.908006458 +05:30
build/images/bubble-1.png: 2021-03-02 14:00:55.607644619 +05:30
build/images/children-group-bg.jpg: 2021-03-02 14:00:46.192127819 +05:30
build/images/covid.jpg: 2021-03-02 14:00:53.087917173 +05:30
build/images/bubble-2.png: 2021-03-02 14:00:53.863772678 +05:30
build/images/bubble-3.png: 2021-03-02 14:00:59.757404452 +05:30
build/images/karuna-kids.jpg: 2021-03-02 14:00:46.188943914 +05:30
