---
build/images/karuna-aid.jpg: 2021-03-02 14:05:10.601678250 +05:30
build/images/footer-bg.png: 2021-03-02 14:05:16.715312600 +05:30
build/images/round-arc.png: 2021-03-02 14:05:16.920856692 +05:30
build/images/clouds-bg.png: 2021-03-02 14:05:19.533081572 +05:30
build/images/icon1.png: 2021-03-02 14:05:11.329337766 +05:30
build/images/bubble-1.png: 2021-03-02 14:05:20.357023650 +05:30
build/images/children-group-bg.jpg: 2021-03-02 14:05:10.601369546 +05:30
build/images/covid.jpg: 2021-03-02 14:05:17.806139815 +05:30
build/images/bubble-2.png: 2021-03-02 14:05:18.700482682 +05:30
build/images/bubble-3.png: 2021-03-02 14:05:23.937452096 +05:30
build/images/karuna-kids.jpg: 2021-03-02 14:05:10.599440651 +05:30
