---
build/images/karuna-aid.jpg: 2021-03-02 14:06:32.093128636 +05:30
build/images/footer-bg.png: 2021-03-02 14:06:38.040936749 +05:30
build/images/round-arc.png: 2021-03-02 14:06:38.326196903 +05:30
build/images/clouds-bg.png: 2021-03-02 14:06:40.791142943 +05:30
build/images/icon1.png: 2021-03-02 14:06:32.774506410 +05:30
build/images/bubble-1.png: 2021-03-02 14:06:41.745912891 +05:30
build/images/children-group-bg.jpg: 2021-03-02 14:06:32.092380871 +05:30
build/images/covid.jpg: 2021-03-02 14:06:39.162029362 +05:30
build/images/bubble-2.png: 2021-03-02 14:06:40.006281939 +05:30
build/images/bubble-3.png: 2021-03-02 14:06:45.303990724 +05:30
build/images/karuna-kids.jpg: 2021-03-02 14:06:32.089766425 +05:30
