---
build/images/karuna-aid.jpg: 2021-03-02 14:29:08.117768643 +05:30
build/images/footer-bg.png: 2021-03-02 14:29:13.956935215 +05:30
build/images/round-arc.png: 2021-03-02 14:29:14.196325060 +05:30
build/images/clouds-bg.png: 2021-03-02 14:29:16.747081175 +05:30
build/images/icon1.png: 2021-03-02 14:29:08.773584182 +05:30
build/images/bubble-1.png: 2021-03-02 14:29:17.558115047 +05:30
build/images/children-group-bg.jpg: 2021-03-02 14:29:08.117328311 +05:30
build/images/covid.jpg: 2021-03-02 14:29:15.041662270 +05:30
build/images/bubble-2.png: 2021-03-02 14:29:15.870542946 +05:30
build/images/bubble-3.png: 2021-03-02 14:29:20.952832467 +05:30
build/images/karuna-kids.jpg: 2021-03-02 14:29:08.115220833 +05:30
