---
build/images/karuna-aid-cover.jpg: 2021-03-09 14:43:15.281856609 +05:30
build/images/karuna-study-center-8.jpg: 2021-03-09 14:43:16.675264693 +05:30
build/images/footer-bg.png: 2021-03-09 14:43:22.109245384 +05:30
build/images/karuna-covid-relief-cover.jpg: 2021-03-09 14:43:23.278929463 +05:30
build/images/round-arc.png: 2021-03-09 14:43:22.350258076 +05:30
build/images/karuna-water-project-2.jpg: 2021-03-09 14:43:16.573567432 +05:30
build/images/karuna-water-project-1.jpg: 2021-03-09 14:43:27.373150287 +05:30
build/images/karuna-water-project-6.jpg: 2021-03-09 14:43:27.625772012 +05:30
build/images/clouds-bg.png: 2021-03-09 14:43:28.434310556 +05:30
build/images/karuna-water-project-7.jpg: 2021-03-09 14:43:30.329286369 +05:30
build/images/icon1.png: 2021-03-09 14:43:19.518211808 +05:30
build/images/karuna-water-project-9.jpg: 2021-03-09 14:43:32.537477746 +05:30
build/images/bubble-1.png: 2021-03-09 14:43:34.742082735 +05:30
build/images/Hand pump ready.jpg: 2021-03-09 14:44:19.710160217 +05:30
build/images/bubble-2.png: 2021-03-09 14:43:32.591622278 +05:30
build/images/bubble-3.png: 2021-03-09 14:43:38.473481094 +05:30
build/images/karuna-kids.jpg: 2021-03-09 14:43:15.282047951 +05:30
build/images/karuna-study-center-1.jpg: 2021-03-09 14:43:29.044567442 +05:30
build/images/karuna-kendra-study-center-cover.jpg: 2021-03-09 14:43:15.283229130 +05:30
build/images/karuna-study-center-7.jpg: 2021-03-09 14:43:31.110803702 +05:30
build/images/karuna-study-center-5.jpg: 2021-03-09 14:43:32.835410483 +05:30
