---
build/images/karuna-aid.jpg: 2021-03-02 14:24:20.213750046 +05:30
build/images/footer-bg.png: 2021-03-02 14:24:25.805632411 +05:30
build/images/round-arc.png: 2021-03-02 14:24:26.072135941 +05:30
build/images/clouds-bg.png: 2021-03-02 14:24:28.711677436 +05:30
build/images/icon1.png: 2021-03-02 14:24:20.865941605 +05:30
build/images/bubble-1.png: 2021-03-02 14:24:29.850678934 +05:30
build/images/children-group-bg.jpg: 2021-03-02 14:24:20.213157547 +05:30
build/images/covid.jpg: 2021-03-02 14:24:26.917913882 +05:30
build/images/bubble-2.png: 2021-03-02 14:24:27.799447721 +05:30
build/images/bubble-3.png: 2021-03-02 14:24:33.263961373 +05:30
build/images/karuna-kids.jpg: 2021-03-02 14:24:20.210850254 +05:30
