---
build/images/karuna-aid-cover.jpg: 2021-03-09 14:21:12.720403362 +05:30
build/images/karuna-study-center-8.jpg: 2021-03-09 14:21:14.136737090 +05:30
build/images/footer-bg.png: 2021-03-09 14:21:19.211397108 +05:30
build/images/round-arc.png: 2021-03-09 14:21:19.543739716 +05:30
build/images/karuna-water-project-2.jpg: 2021-03-09 14:21:14.010171621 +05:30
build/images/karuna-water-project-1.jpg: 2021-03-09 14:21:24.121570343 +05:30
build/images/karuna-water-project-6.jpg: 2021-03-09 14:21:24.471831541 +05:30
build/images/clouds-bg.png: 2021-03-09 14:21:24.138600768 +05:30
build/images/karuna-water-project-7.jpg: 2021-03-09 14:21:24.529418936 +05:30
build/images/icon1.png: 2021-03-09 14:21:16.924594794 +05:30
build/images/karuna-water-project-9.jpg: 2021-03-09 14:21:26.237657125 +05:30
build/images/bubble-1.png: 2021-03-09 14:21:30.235089212 +05:30
build/images/Hand pump ready.jpg: 2021-03-09 14:22:13.590930587 +05:30
build/images/bubble-2.png: 2021-03-09 14:21:28.064453882 +05:30
build/images/bubble-3.png: 2021-03-09 14:21:35.002235873 +05:30
build/images/karuna-covid-releif-cover.jpg: 2021-03-09 14:21:31.002498570 +05:30
build/images/karuna-kids.jpg: 2021-03-09 14:21:12.709914108 +05:30
build/images/karuna-study-center-1.jpg: 2021-03-09 14:21:25.068971021 +05:30
build/images/karuna-kendra-study-center-cover.jpg: 2021-03-09 14:21:12.712100441 +05:30
build/images/karuna-study-center-7.jpg: 2021-03-09 14:21:26.873568687 +05:30
build/images/karuna-study-center-5.jpg: 2021-03-09 14:21:33.551124064 +05:30
