---
build/images/karuna-aid-cover.jpg: 2021-04-25 02:48:13.724515896 +05:30
build/images/karuna-study-center-8.jpg: 2021-04-25 02:48:15.157557822 +05:30
build/images/lines-bg.png: 2021-04-25 02:48:24.579063086 +05:30
build/images/footer-bg.png: 2021-04-25 02:48:19.482148812 +05:30
build/images/aeroplane-prop.png: 2021-04-25 02:48:14.863132959 +05:30
build/images/karuna-covid-relief-cover.jpg: 2021-04-25 02:48:20.577980769 +05:30
build/images/round-arc.png: 2021-04-25 02:48:19.669849910 +05:30
build/images/karuna-water-project-2.jpg: 2021-04-25 02:48:15.032804249 +05:30
build/images/karuna-water-project-1.jpg: 2021-04-25 02:48:23.433943768 +05:30
build/images/karuna-water-project-6.jpg: 2021-04-25 02:48:25.826365958 +05:30
build/images/clouds-bg.png: 2021-04-25 02:48:24.360749104 +05:30
build/images/karuna-water-project-7.jpg: 2021-04-25 02:48:34.910306457 +05:30
build/images/icon1.png: 2021-04-25 02:48:25.048588426 +05:30
build/images/karuna-water-project-9.jpg: 2021-04-25 02:48:34.160641627 +05:30
build/images/clouds-bg-2.png: 2021-04-25 02:48:43.109082248 +05:30
build/images/bubble-1.png: 2021-04-25 02:48:35.750264119 +05:30
build/images/Hand pump ready.jpg: 2021-04-25 02:49:19.398343883 +05:30
build/images/bubble-2.png: 2021-04-25 02:48:33.025242542 +05:30
build/images/bubble-3.png: 2021-04-25 02:48:38.201540052 +05:30
build/images/karuna-kids.jpg: 2021-04-25 02:48:13.726336211 +05:30
build/images/karuna-study-center-1.jpg: 2021-04-25 02:48:35.453576941 +05:30
build/images/karuna-kendra-study-center-cover.jpg: 2021-04-25 02:48:13.723789365 +05:30
build/images/karuna-study-center-7.jpg: 2021-04-25 02:48:35.588739326 +05:30
build/images/karuna-study-center-5.jpg: 2021-04-25 02:48:43.358608393 +05:30
