---
build/images/karuna-aid-cover.jpg: 2021-08-18 14:39:20.324888106 +05:30
build/images/karuna-study-center-8.jpg: 2021-08-18 14:39:21.728247689 +05:30
build/images/lines-bg.png: 2021-08-18 14:39:31.572620286 +05:30
build/images/footer-bg.png: 2021-08-18 14:39:25.949564025 +05:30
build/images/aeroplane-prop.png: 2021-08-18 14:39:21.455165899 +05:30
build/images/karuna-covid-relief-cover.jpg: 2021-08-18 14:39:27.113964191 +05:30
build/images/round-arc.png: 2021-08-18 14:39:26.230292301 +05:30
build/images/karuna-water-project-2.jpg: 2021-08-18 14:39:21.633026869 +05:30
build/images/karuna-water-project-1.jpg: 2021-08-18 14:39:30.324889834 +05:30
build/images/karuna-water-project-6.jpg: 2021-08-18 14:39:32.677786133 +05:30
build/images/clouds-bg.png: 2021-08-18 14:39:31.351033811 +05:30
build/images/karuna-water-project-7.jpg: 2021-08-18 14:39:41.804338536 +05:30
build/images/icon1.png: 2021-08-18 14:39:32.036186108 +05:30
build/images/karuna-water-project-9.jpg: 2021-08-18 14:39:40.978006518 +05:30
build/images/clouds-bg-2.png: 2021-08-18 14:39:49.452655797 +05:30
build/images/bubble-1.png: 2021-08-18 14:39:42.470864284 +05:30
build/images/Hand pump ready.jpg: 2021-08-18 14:40:25.096645466 +05:30
build/images/bubble-2.png: 2021-08-18 14:39:39.745718058 +05:30
build/images/bubble-3.png: 2021-08-18 14:39:44.981943689 +05:30
build/images/karuna-kids.jpg: 2021-08-18 14:39:20.327130356 +05:30
build/images/karuna-study-center-1.jpg: 2021-08-18 14:39:42.383683927 +05:30
build/images/karuna-kendra-study-center-cover.jpg: 2021-08-18 14:39:20.323680580 +05:30
build/images/karuna-study-center-7.jpg: 2021-08-18 14:39:42.508475419 +05:30
build/images/karuna-study-center-5.jpg: 2021-08-18 14:39:49.686986871 +05:30
