---
build/images/karuna-aid-cover.jpg: 2021-04-25 02:52:12.191644503 +05:30
build/images/karuna-study-center-8.jpg: 2021-04-25 02:52:13.541860377 +05:30
build/images/lines-bg.png: 2021-04-25 02:52:23.328584341 +05:30
build/images/footer-bg.png: 2021-04-25 02:52:17.965693498 +05:30
build/images/aeroplane-prop.png: 2021-04-25 02:52:13.252934083 +05:30
build/images/karuna-covid-relief-cover.jpg: 2021-04-25 02:52:19.167227295 +05:30
build/images/round-arc.png: 2021-04-25 02:52:18.270651167 +05:30
build/images/karuna-water-project-2.jpg: 2021-04-25 02:52:13.431910305 +05:30
build/images/karuna-water-project-1.jpg: 2021-04-25 02:52:22.083761787 +05:30
build/images/karuna-water-project-6.jpg: 2021-04-25 02:52:24.463760120 +05:30
build/images/clouds-bg.png: 2021-04-25 02:52:23.110605412 +05:30
build/images/karuna-water-project-7.jpg: 2021-04-25 02:52:33.547370272 +05:30
build/images/icon1.png: 2021-04-25 02:52:23.795709211 +05:30
build/images/karuna-water-project-9.jpg: 2021-04-25 02:52:32.758865600 +05:30
build/images/clouds-bg-2.png: 2021-04-25 02:52:41.533264801 +05:30
build/images/bubble-1.png: 2021-04-25 02:52:34.345803812 +05:30
build/images/Hand pump ready.jpg: 2021-04-25 02:53:18.226819654 +05:30
build/images/bubble-2.png: 2021-04-25 02:52:31.667309249 +05:30
build/images/bubble-3.png: 2021-04-25 02:52:36.828992255 +05:30
build/images/karuna-kids.jpg: 2021-04-25 02:52:12.192539790 +05:30
build/images/karuna-study-center-1.jpg: 2021-04-25 02:52:34.111922045 +05:30
build/images/karuna-kendra-study-center-cover.jpg: 2021-04-25 02:52:12.190509720 +05:30
build/images/karuna-study-center-7.jpg: 2021-04-25 02:52:34.236338499 +05:30
build/images/karuna-study-center-5.jpg: 2021-04-25 02:52:41.764799056 +05:30
