---
build/images/footer-bg.png: 2021-03-02 13:32:08.211002703 +05:30
build/images/clouds-bg.png: 2021-03-02 13:32:10.306335380 +05:30
build/images/icon1.png: 2021-03-02 13:32:05.477991674 +05:30
